[step 0] state=[ 0.85474944 -0.46074185  2.0035584  -0.160912    2.1814697  -0.22807583
 -0.8013379  -1.4881768  -0.37653556 -2.498835    0.52358264 -1.5983058
  0.69599164 -0.80338365]
[step 0] inference took 133.4 ms, action=[ 8.08806190e-01 -4.57708622e-01  2.00056521e+00 -2.70825430e-02
  2.14447848e+00 -2.51184220e-01 -4.19016309e+01 -1.48239363e+00
 -3.54908629e-01 -2.51542096e+00  5.29530101e-01 -1.64593740e+00
  7.24121879e-01 -1.17545273e+01]
[step 1] state=[ 0.80880684 -0.45770338  2.0005853  -0.02675847  2.1445508  -0.25179726
 -0.80130714 -1.5024538  -0.35490707 -2.5154076   0.52998143 -1.6461542
  0.7227654  -0.8030184 ]
[step 1] inference took 0.0 ms, action=[ 8.07062988e-01 -4.59256130e-01  2.00070587e+00 -2.70885459e-02
  2.14287065e+00 -2.52578401e-01 -4.19825333e+01 -1.48046022e+00
 -3.55061924e-01 -2.51593399e+00  5.28556088e-01 -1.64558474e+00
  7.24141864e-01 -1.17284921e+01]
[step 2] state=[ 0.8070636  -0.45925093  2.0007255  -0.02677811  2.1429386  -0.2533568
 -0.8013193  -1.5023079  -0.35504535 -2.5158918   0.5292584  -1.6455919
  0.7217012  -0.8031638 ]
[step 2] inference took 0.1 ms, action=[ 8.07671112e-01 -4.59395105e-01  2.00090062e+00 -2.50245840e-02
  2.14109149e+00 -2.53887546e-01 -4.18849032e+01 -1.47970402e+00
 -3.54827686e-01 -2.51479806e+00  5.28491489e-01 -1.64479506e+00
  7.21746058e-01 -1.18753370e+01]
[step 3] state=[ 0.80767214 -0.45938906  2.000924   -0.02466212  2.1411376  -0.2545619
 -0.80144686 -1.5021785  -0.35483125 -2.5148075   0.5282571  -1.6453763
  0.7225385  -0.80277556]
[step 3] inference took 0.0 ms, action=[ 8.07593904e-01 -4.60126481e-01  2.00104364e+00 -2.36436563e-02
  2.13894935e+00 -2.53178663e-01 -4.17970122e+01 -1.47858913e+00
 -3.55042391e-01 -2.51485779e+00  5.26970819e-01 -1.64602216e+00
  7.21939761e-01 -1.20824371e+01]
[step 4] state=[ 0.8075946  -0.46012124  2.0010638  -0.02332864  2.1390188  -0.2539484
 -0.8013276  -1.5023655  -0.35502797 -2.5148184   0.52777475 -1.6461112
  0.72019655 -0.8031556 ]
[step 4] inference took 0.0 ms, action=[ 8.08144047e-01 -4.59432176e-01  2.00145022e+00 -2.10289005e-02
  2.13763260e+00 -2.53362305e-01 -4.15581764e+01 -1.47898724e+00
 -3.54631189e-01 -2.51476832e+00  5.30045021e-01 -1.64904285e+00
  7.21506034e-01 -1.23913898e+01]
[step 5] state=[ 0.8081446  -0.45942673  2.001471   -0.02068939  2.1377032  -0.25409672
 -0.8013623  -1.503387   -0.35462922 -2.5147474   0.5308112  -1.6493623
  0.7211529  -0.8031049 ]
[step 5] inference took 0.0 ms, action=[ 8.07631573e-01 -4.58986448e-01  2.00167658e+00 -1.94279728e-02
  2.13768521e+00 -2.53237793e-01 -4.15627950e+01 -1.47756206e+00
 -3.55156605e-01 -2.51499821e+00  5.30377845e-01 -1.65175053e+00
  7.19484154e-01 -1.25814024e+01]
[step 6] state=[ 0.8076321  -0.4589808   2.001699   -0.01907368  2.1377504  -0.25394708
 -0.80137825 -1.5042351  -0.35516128 -2.5150049   0.530201   -1.652194
  0.71782404 -0.8029023 ]
[step 6] inference took 0.0 ms, action=[ 8.06741077e-01 -4.58895953e-01  2.00199271e+00 -1.90437700e-02
  2.13683619e+00 -2.52643847e-01 -4.15250683e+01 -1.47643976e+00
 -3.54253547e-01 -2.51556957e+00  5.30443950e-01 -1.65163209e+00
  7.19624378e-01 -1.25275039e+01]
[step 7] state=[ 0.80674154 -0.4588904   2.0020144  -0.01869839  2.1369073  -0.25337055
 -0.8013579  -1.5042214  -0.3542555  -2.5155704   0.53040653 -1.6520007
  0.71747094 -0.80296075]
[step 7] inference took 0.0 ms, action=[ 8.06978792e-01 -4.58765885e-01  2.00241046e+00 -1.89426260e-02
  2.13669789e+00 -2.51976985e-01 -4.15141417e+01 -1.47614964e+00
 -3.55311776e-01 -2.51477686e+00  5.29186917e-01 -1.65089228e+00
  7.19323617e-01 -1.26420067e+01]
[step 8] state=[ 0.8069794  -0.45876047  2.002432   -0.01859952  2.1367693  -0.25270644
 -0.801362   -1.503933   -0.35531306 -2.514768    0.5296222  -1.6512457
  0.7183889  -0.80304724]
[step 8] inference took 0.0 ms, action=[ 8.07168093e-01 -4.58321287e-01  2.00219121e+00 -1.75868641e-02
  2.13679663e+00 -2.52601062e-01 -4.15061633e+01 -1.47274005e+00
 -3.55653641e-01 -2.51453757e+00  5.27326440e-01 -1.65036194e+00
  7.20029772e-01 -1.26986651e+01]
[step 9] state=[ 0.80716866 -0.4583161   2.002211   -0.01726625  2.136868   -0.2533684
 -0.80132914 -1.5036684  -0.3556432  -2.514508    0.5279307  -1.6505002
  0.71806484 -0.80311906]
[step 9] inference took 0.0 ms, action=[ 8.06764396e-01 -4.58727618e-01  2.00274235e+00 -1.72411153e-02
  2.13669535e+00 -2.53409069e-01 -4.14565392e+01 -1.47126013e+00
 -3.55486528e-01 -2.51458478e+00  5.27926864e-01 -1.65035045e+00
  7.19441458e-01 -1.27339885e+01]
[step 10] state=[ 0.8067649  -0.45872217  2.0027633  -0.01689835  2.136766   -0.25414112
 -0.8013569  -1.503731   -0.35548833 -2.5145836   0.5279913  -1.6506957
  0.7174785  -0.80298114]
[step 10] inference took 0.0 ms, action=[ 8.06663906e-01 -4.58325166e-01  2.00358542e+00 -1.71523939e-02
  2.13688732e+00 -2.53425018e-01 -4.13504809e+01 -1.46928219e+00
 -3.55523780e-01 -2.51478568e+00  5.26011446e-01 -1.64971755e+00
  7.19569909e-01 -1.28093036e+01]
[step 11] state=[ 0.8066647  -0.45831996  2.0036058  -0.01683878  2.1369538  -0.25420442
 -0.80134875 -1.5034559  -0.35550472 -2.5147347   0.52706426 -1.6497377
  0.71821886 -0.8032403 ]
[step 11] inference took 0.1 ms, action=[ 8.07345309e-01 -4.57953180e-01  2.00379058e+00 -1.75244947e-02
  2.13629434e+00 -2.52973276e-01 -4.12575145e+01 -1.46711602e+00
 -3.56264530e-01 -2.51407730e+00  5.26920511e-01 -1.64908787e+00
  7.19735388e-01 -1.29672314e+01]
[step 12] state=[ 0.80734605 -0.4579477   2.0038128  -0.01717802  2.1363628  -0.25369713
 -0.8013718  -1.5033284  -0.35626724 -2.5140703   0.5273572  -1.6494622
  0.7191954  -0.8030309 ]
[step 12] inference took 0.0 ms, action=[ 8.07600355e-01 -4.57210039e-01  2.00416746e+00 -1.71997120e-02
  2.13665713e+00 -2.53034207e-01 -4.11733736e+01 -1.46533216e+00
 -3.56373638e-01 -2.51427863e+00  5.26156567e-01 -1.65063957e+00
  7.15920368e-01 -1.30400791e+01]
[step 13] state=[ 0.8076007  -0.45720455  2.0041885  -0.01686243  2.1367288  -0.25377813
 -0.8013478  -1.5037152  -0.3563733  -2.5142753   0.52619034 -1.6509233
  0.7135189  -0.8029782 ]
[step 13] inference took 0.0 ms, action=[ 8.08084889e-01 -4.56858783e-01  2.00421424e+00 -1.57029095e-02
  2.13722734e+00 -2.53202608e-01 -4.10833268e+01 -1.46582857e+00
 -3.56216084e-01 -2.51423206e+00  5.26058181e-01 -1.65126271e+00
  7.16664241e-01 -1.30166774e+01]
[step 14] state=[ 0.8080854  -0.45685348  2.004234   -0.0153725   2.1372993  -0.25396344
 -0.8013317  -1.5038581  -0.35621193 -2.5142236   0.52604467 -1.6514287
  0.71344393 -0.8030051 ]
[step 14] inference took 0.0 ms, action=[ 8.07619400e-01 -4.56384518e-01  2.00491720e+00 -1.68020286e-02
  2.13695354e+00 -2.53124977e-01 -4.09854373e+01 -1.46192427e+00
 -3.55526373e-01 -2.51479800e+00  5.27721234e-01 -1.65165390e+00
  7.15093193e-01 -1.29496409e+01]
[step 15] state=[ 0.80762    -0.4563788   2.0049388  -0.01644513  2.1370132  -0.2538323
 -0.8014001  -1.5041635  -0.3555291  -2.5147872   0.5281543  -1.6520905
  0.71569324 -0.802986  ]
[step 15] inference took 0.0 ms, action=[ 8.07138785e-01 -4.56219995e-01  2.00518655e+00 -1.62425631e-02
  2.13668890e+00 -2.53875692e-01 -4.08580017e+01 -1.46015081e+00
 -3.55549854e-01 -2.51521567e+00  5.26744958e-01 -1.65099866e+00
  7.14454425e-01 -1.29196331e+01]
[step 16] state=[ 0.80713946 -0.45621473  2.0052066  -0.01592802  2.1367557  -0.2546583
 -0.8013185  -1.503812   -0.35553348 -2.5151737   0.5275249  -1.6510204
  0.7123436  -0.8031776 ]
[step 16] inference took 0.0 ms, action=[ 8.08407735e-01 -4.54758521e-01  2.00550266e+00 -1.57401613e-02
  2.13763721e+00 -2.52647380e-01 -4.07776157e+01 -1.45863552e+00
 -3.55973332e-01 -2.51510522e+00  5.25285088e-01 -1.65256716e+00
  7.13819618e-01 -1.29224088e+01]
[step 17] state=[ 0.8084082  -0.45475277  2.0055254  -0.0153787   2.1376977  -0.253353
 -0.8013959  -1.5047203  -0.3559777  -2.5151074   0.52525175 -1.6530541
  0.7131328  -0.80293   ]
[step 17] inference took 0.0 ms, action=[ 8.08320614e-01 -4.54267274e-01  2.00553350e+00 -1.58110743e-02
  2.13759556e+00 -2.53178764e-01 -4.08053700e+01 -1.45590948e+00
 -3.56803894e-01 -2.51476369e+00  5.24557973e-01 -1.65215493e+00
  7.13211919e-01 -1.29182282e+01]
[step 18] state=[ 0.8083213  -0.45426193  2.005555   -0.01546865  2.137666   -0.25391746
 -0.8013616  -1.5045155  -0.35680285 -2.5147464   0.52521795 -1.6524842
  0.71262175 -0.80308384]
[step 18] inference took 0.1 ms, action=[ 8.07583954e-01 -4.53808605e-01  2.00548087e+00 -1.54339083e-02
  2.13833150e+00 -2.52494757e-01 -4.06841543e+01 -1.45258817e+00
 -3.57238539e-01 -2.51452587e+00  5.25191137e-01 -1.65254631e+00
  7.10917238e-01 -1.29721923e+01]
[step 19] state=[ 0.80758464 -0.45380306  2.0055027  -0.01507919  2.138394   -0.25321308
 -0.80139166 -1.5046408  -0.35724053 -2.5145133   0.5257028  -1.6529666
  0.71120083 -0.80308944]
[step 19] inference took 0.0 ms, action=[ 8.08649803e-01 -4.53027839e-01  2.00638705e+00 -1.61109797e-02
  2.13813889e+00 -2.53019623e-01 -4.06284126e+01 -1.45008596e+00
 -3.56567702e-01 -2.51471103e+00  5.22831985e-01 -1.65336023e+00
  7.11365055e-01 -1.30582869e+01]
[step 20] state=[ 0.8086504  -0.4530225   2.006407   -0.01578773  2.1382103  -0.25379407
 -0.8013259  -1.5047951  -0.35655603 -2.5146754   0.5236602  -1.6535128
  0.70995903 -0.80313575]
[step 20] inference took 0.0 ms, action=[ 8.09109668e-01 -4.52408547e-01  2.00697033e+00 -1.51174287e-02
  2.13937428e+00 -2.52446499e-01 -4.04819935e+01 -1.44878408e+00
 -3.56831392e-01 -2.51469640e+00  5.23960945e-01 -1.65483690e+00
  7.08494952e-01 -1.31491752e+01]
[step 21] state=[ 0.80911034 -0.45240328  2.00699    -0.01480063  2.1394439  -0.25323674
 -0.8013173  -1.505178   -0.35681424 -2.5146499   0.5249008  -1.6548952
  0.7068502  -0.8032319 ]
[step 21] inference took 0.1 ms, action=[ 8.09142237e-01 -4.51689170e-01  2.00714871e+00 -1.53276831e-02
  2.13979303e+00 -2.51880146e-01 -4.04186088e+01 -1.44464576e+00
 -3.57247164e-01 -2.51512451e+00  5.23908660e-01 -1.65597493e+00
  7.06390150e-01 -1.30196988e+01]
[step 22] state=[ 0.8091428  -0.4516836   2.007171   -0.01497094  2.1398573  -0.25260085
 -0.80137897 -1.5056854  -0.35725075 -2.5151215   0.52409434 -1.6564057
  0.7057921  -0.803021  ]
[step 22] inference took 0.1 ms, action=[ 8.09173782e-01 -4.51375496e-01  2.00750201e+00 -1.54753116e-02
  2.13959157e+00 -2.53511929e-01 -4.03321099e+01 -1.43974064e+00
 -3.56968176e-01 -2.51498684e+00  5.21527854e-01 -1.65656347e+00
  7.03838177e-01 -1.29940189e+01]
[step 23] state=[ 0.8091745  -0.45137015  2.0075228  -0.01514516  2.1396654  -0.25427967
 -0.80133784 -1.5059347  -0.35696006 -2.5149565   0.52230275 -1.6567906
  0.7025391  -0.8031474 ]
[step 23] inference took 0.1 ms, action=[ 8.08844785e-01 -4.50419762e-01  2.00808008e+00 -1.42900999e-02
  2.14032873e+00 -2.51391266e-01 -4.02332281e+01 -1.43619433e+00
 -3.56774004e-01 -2.51608793e+00  5.22009064e-01 -1.65822427e+00
  7.01984791e-01 -1.29630757e+01]
[step 24] state=[ 0.80884564 -0.4504145   2.0081007  -0.01395813  2.1404033  -0.25216264
 -0.80133873 -1.5065168  -0.35676697 -2.5160613   0.52267885 -1.658463
  0.7005333  -0.8031736 ]
[step 24] inference took 0.1 ms, action=[ 8.08819784e-01 -4.49442286e-01  2.00793578e+00 -1.29044757e-02
  2.14138654e+00 -2.51521509e-01 -4.01361880e+01 -1.43177047e+00
 -3.57501706e-01 -2.51565366e+00  5.21879368e-01 -1.66061930e+00
  6.96945161e-01 -1.30177015e+01]
[step 25] state=[ 0.8088201  -0.4494367   2.007958   -0.01254859  2.1414518  -0.25224936
 -0.80137646 -1.5072359  -0.35750434 -2.5156572   0.52168196 -1.661038
  0.6948668  -0.8029993 ]
[step 25] inference took 0.1 ms, action=[ 8.09385193e-01 -4.49231381e-01  2.00850330e+00 -1.22647842e-02
  2.14136577e+00 -2.51523848e-01 -4.01250616e+01 -1.42646688e+00
 -3.57452587e-01 -2.51556224e+00  5.20166959e-01 -1.66096759e+00
  6.94364509e-01 -1.29874644e+01]
[step 26] state=[ 0.8093858  -0.4492262   2.008524   -0.01193246  2.1414385  -0.2522934
 -0.8013456  -1.5072583  -0.357445   -2.5155306   0.52106345 -1.6611978
  0.6934989  -0.8032106 ]
[step 26] inference took 0.0 ms, action=[ 8.09772727e-01 -4.48454940e-01  2.00863368e+00 -1.18158717e-02
  2.14136854e+00 -2.51901452e-01 -4.00417059e+01 -1.42122279e+00
 -3.58178293e-01 -2.51601959e+00  5.18181075e-01 -1.66377204e+00
  6.88814217e-01 -1.30655048e+01]
[step 27] state=[ 0.8097733  -0.44844973  2.0086548  -0.01148286  2.1414423  -0.25267255
 -0.8013397  -1.5083213  -0.3581697  -2.515987    0.51902485 -1.6640083
  0.6876546  -0.8032322 ]
[step 27] inference took 0.0 ms, action=[ 8.10071907e-01 -4.47418598e-01  2.00932617e+00 -1.03731196e-02
  2.14260817e+00 -2.51321443e-01 -4.01193270e+01 -1.41464977e+00
 -3.57700772e-01 -2.51554582e+00  5.16337373e-01 -1.66616443e+00
  6.82322288e-01 -1.30482470e+01]
[step 28] state=[ 0.8100726  -0.44741297  2.0093489  -0.01001623  2.1426737  -0.2520534
 -0.8013795  -1.509028   -0.35770157 -2.5155327   0.5167533  -1.666589
  0.68187696 -0.8029619 ]
[step 28] inference took 0.0 ms, action=[ 8.10593957e-01 -4.46889166e-01  2.00991055e+00 -9.67194031e-03
  2.14334241e+00 -2.51746637e-01 -4.00356763e+01 -1.40796928e+00
 -3.58011733e-01 -2.51637806e+00  5.15440677e-01 -1.67008588e+00
  6.75766756e-01 -1.30843476e+01]
[step 29] state=[ 0.8105943  -0.44688386  2.009931   -0.009348    2.143416   -0.25253934
 -0.80131745 -1.5101323  -0.35799795 -2.5163374   0.51627934 -1.6702144
  0.6739781  -0.80304956]
[step 29] inference took 0.1 ms, action=[ 8.10932424e-01 -4.46304852e-01  2.01059664e+00 -8.75209127e-03
  2.14358926e+00 -2.51755210e-01 -4.00426173e+01 -1.40350376e+00
 -3.58153284e-01 -2.51670698e+00  5.12768133e-01 -1.67328994e+00
  6.69026533e-01 -1.30913527e+01]
[step 30] state=[ 0.810933   -0.44629937  2.0106187  -0.00841119  2.1436617  -0.25253057
 -0.8013485  -1.5113133  -0.35814226 -2.5166733   0.5134624  -1.673582
  0.6675714  -0.8030625 ]
[step 30] inference took 0.1 ms, action=[ 8.10813846e-01 -4.45612932e-01  2.01056323e+00 -8.26732157e-03
  2.14380776e+00 -2.51302610e-01 -4.00021899e+01 -1.39547104e+00
 -3.58354278e-01 -2.51602478e+00  5.10129906e-01 -1.67561310e+00
  6.64288427e-01 -1.31023766e+01]
[step 31] state=[ 0.8108143  -0.4456072   2.010586   -0.00790742  2.1438727  -0.2520321
 -0.8013815  -1.5120517  -0.3583532  -2.516016    0.5103251  -1.6760594
  0.662863   -0.8029608 ]
[step 31] inference took 0.0 ms, action=[ 8.10964674e-01 -4.44446303e-01  2.01115686e+00 -7.47833454e-03
  2.14445692e+00 -2.52101518e-01 -3.99183345e+01 -1.39043918e+00
 -3.58369168e-01 -2.51652639e+00  5.08529246e-01 -1.67819177e+00
  6.58922509e-01 -1.30710940e+01]
[step 32] state=[ 0.81096524 -0.44444108  2.0111775  -0.0071496   2.144534   -0.25289986
 -0.80130416 -1.5127844  -0.35835513 -2.5164855   0.5093037  -1.6783487
  0.6568798  -0.8032757 ]
[step 32] inference took 0.1 ms, action=[ 8.10596797e-01 -4.44070300e-01  2.01157500e+00 -7.47482416e-03
  2.14433081e+00 -2.51759738e-01 -3.97990463e+01 -1.38338318e+00
 -3.58295569e-01 -2.51678844e+00  5.07382051e-01 -1.67977656e+00
  6.53346835e-01 -1.31293167e+01]
[step 33] state=[ 0.8105979  -0.44406405  2.0115979  -0.00710978  2.1443753  -0.2524535
 -0.8014512  -1.5135148  -0.3582804  -2.516754    0.5079316  -1.6802788
  0.65380776 -0.80317956]
[step 33] inference took 0.1 ms, action=[ 8.10449837e-01 -4.43872916e-01  2.01153843e+00 -6.20494648e-03
  2.14495572e+00 -2.51542779e-01 -3.97361899e+01 -1.37798171e+00
 -3.58717238e-01 -2.51653502e+00  5.05852930e-01 -1.68172743e+00
  6.50844689e-01 -1.30659695e+01]
[step 34] state=[ 0.8104508  -0.4438675   2.0115595  -0.005883    2.1450162  -0.25230613
 -0.8013791  -1.5140991  -0.35871354 -2.5165255   0.5061194  -1.6815598
  0.64988303 -0.80277026]
[step 34] inference took 0.0 ms, action=[ 8.10668213e-01 -4.43520109e-01  2.01144781e+00 -6.34903255e-03
  2.14506812e+00 -2.52304662e-01 -3.96716464e+01 -1.37199721e+00
 -3.59489959e-01 -2.51717163e+00  5.03692110e-01 -1.68255565e+00
  6.48365798e-01 -1.30707267e+01]
[step 35] state=[ 0.81066906 -0.4435145   2.0114696  -0.00601459  2.1451287  -0.2530434
 -0.80138373 -1.5146943  -0.35949165 -2.5171747   0.50367945 -1.6825055
  0.6473126  -0.8024968 ]
[step 35] inference took 0.0 ms, action=[ 8.10292413e-01 -4.42294900e-01  2.01182675e+00 -6.25792284e-03
  2.14522035e+00 -2.51604353e-01 -3.95243564e+01 -1.36627632e+00
 -3.58551057e-01 -2.51728937e+00  5.04631860e-01 -1.68351576e+00
  6.45476254e-01 -1.30722970e+01]
[step 36] state=[ 0.8102933  -0.44228914  2.0118487  -0.00591249  2.1452737  -0.25232527
 -0.8014148  -1.5150737  -0.35855588 -2.517303    0.50437033 -1.6835881
  0.6448251  -0.80266464]
[step 36] inference took 0.0 ms, action=[ 8.11936723e-01 -4.42079458e-01  2.01240553e+00 -6.49249348e-03
  2.14537049e+00 -2.50981170e-01 -3.95088422e+01 -1.36214342e+00
 -3.58550635e-01 -2.51731435e+00  5.02996337e-01 -1.68460171e+00
  6.45933528e-01 -1.30910875e+01]
[step 37] state=[ 0.81193775 -0.44207403  2.0124257  -0.00617374  2.14543    -0.2517569
 -0.80138266 -1.5153371  -0.35854325 -2.5172904   0.50372213 -1.684446
  0.64579064 -0.80272955]
[step 37] inference took 0.0 ms, action=[ 8.11909181e-01 -4.41302872e-01  2.01260301e+00 -7.03998527e-03
  2.14569346e+00 -2.51718691e-01 -3.93182480e+01 -1.35498490e+00
 -3.58922045e-01 -2.51709786e+00  5.02360503e-01 -1.68535875e+00
  6.43537717e-01 -1.31400925e+01]
[step 38] state=[ 0.81191    -0.44129744  2.0126235  -0.00672246  2.1457527  -0.25248036
 -0.80138224 -1.5156299  -0.35891202 -2.5170732   0.50278795 -1.6849948
  0.6424472  -0.80252683]
[step 38] inference took 0.1 ms, action=[ 8.11279756e-01 -4.40930156e-01  2.01272264e+00 -6.39530872e-03
  2.14592694e+00 -2.50940007e-01 -3.91149236e+01 -1.34684194e+00
 -3.58736403e-01 -2.51676813e+00  5.00851639e-01 -1.68513867e+00
  6.42564309e-01 -1.30601577e+01]
[step 39] state=[ 0.8112807  -0.44092473  2.0127432  -0.00607171  2.145988   -0.25169542
 -0.80138344 -1.515616   -0.35873273 -2.516754    0.50126547 -1.6849004
  0.64206916 -0.80249584]
[step 39] inference took 0.0 ms, action=[ 8.10990759e-01 -4.40639087e-01  2.01310988e+00 -7.68496637e-03
  2.14642051e+00 -2.50764448e-01 -3.88322434e+01 -1.33775981e+00
 -3.60028060e-01 -2.51703753e+00  5.00918669e-01 -1.68522961e+00
  6.41179643e-01 -1.29681552e+01]
[step 40] state=[ 0.81099164 -0.44063362  2.013131   -0.00736501  2.14648    -0.25152165
 -0.80138016 -1.51579    -0.36002028 -2.5170188   0.5012284  -1.684874
  0.6400803  -0.80250293]
[step 40] inference took 0.0 ms, action=[ 8.11955596e-01 -4.40375949e-01  2.01301991e+00 -8.23452592e-03
  2.14618041e+00 -2.50719515e-01 -3.85014501e+01 -1.32804436e+00
 -3.59781405e-01 -2.51667950e+00  4.99584913e-01 -1.68495100e+00
  6.40439513e-01 -1.29393893e+01]
[step 41] state=[ 0.8119564  -0.44037038  2.0130413  -0.00790672  2.1462412  -0.25146255
 -0.8013892  -1.5157357  -0.35978076 -2.516673    0.4998492  -1.684749
  0.6399598  -0.8027048 ]
[step 41] inference took 0.1 ms, action=[ 8.12261662e-01 -4.39090653e-01  2.01302214e+00 -8.83762284e-03
  2.14664449e+00 -2.49634799e-01 -3.77773593e+01 -1.31624131e+00
 -3.59722381e-01 -2.51754439e+00  4.99080952e-01 -1.68448962e+00
  6.40746788e-01 -1.29409815e+01]
[step 42] state=[ 0.8122625  -0.43908516  2.0130417  -0.00852345  2.146702   -0.2504181
 -0.8013592  -1.5156345  -0.35970944 -2.5175118   0.4997057  -1.6842022
  0.63991827 -0.8027092 ]
[step 42] inference took 0.0 ms, action=[ 8.10977567e-01 -4.39075941e-01  2.01301069e+00 -8.99794644e-03
  2.14749959e+00 -2.50357453e-01 -3.65084359e+01 -1.30185583e+00
 -3.60550078e-01 -2.51741637e+00  4.98305002e-01 -1.68475935e+00
  6.40006849e-01 -1.30411969e+01]
[step 43] state=[ 0.81097835 -0.43907052  2.0130312  -0.00868008  2.147558   -0.25111744
 -0.80138075 -1.5157999  -0.36054054 -2.5173936   0.49866763 -1.6843827
  0.6388215  -0.8025174 ]
[step 43] inference took 0.0 ms, action=[ 8.11861496e-01 -4.38215780e-01  2.01339240e+00 -9.86879435e-03
  2.14771974e+00 -2.50085560e-01 -3.54675455e+01 -1.29102350e+00
 -3.60526376e-01 -2.51715991e+00  4.97762821e-01 -1.68323104e+00
  6.41218660e-01 -1.30130988e+01]
[step 44] state=[ 0.81186247 -0.43821013  2.0134137  -0.00952795  2.1477785  -0.25082982
 -0.80138856 -1.5153844  -0.3605321  -2.517168    0.4977893  -1.6832902
  0.6410947  -0.8026597 ]
[step 44] inference took 0.0 ms, action=[ 8.10990348e-01 -4.38132167e-01  2.01329522e+00 -1.07080648e-02
  2.14774503e+00 -2.51189123e-01 -3.40235850e+01 -1.27888599e+00
 -3.60794804e-01 -2.51753833e+00  4.96591714e-01 -1.68215894e+00
  6.40136004e-01 -1.29331080e+01]
[step 45] state=[ 0.8109914  -0.4381267   2.0133145  -0.01039627  2.1478     -0.25196034
 -0.8013808  -1.5149255  -0.36078015 -2.5174985   0.49740753 -1.6817579
  0.6398901  -0.802558  ]
[step 45] inference took 0.0 ms, action=[ 8.12590860e-01 -4.38453707e-01  2.01386410e+00 -1.15469666e-02
  2.14813726e+00 -2.50398644e-01 -3.27990675e+01 -1.27027752e+00
 -3.61428516e-01 -2.51854732e+00  4.96174818e-01 -1.68151765e+00
  6.41007160e-01 -1.29560523e+01]
[step 46] state=[ 0.8125917  -0.43844822  2.013883   -0.01123393  2.1481934  -0.25117978
 -0.8013777  -1.5148811  -0.3614144  -2.5185142   0.4966817  -1.6811674
  0.6396754  -0.80280304]
[step 46] inference took 0.0 ms, action=[ 8.10567050e-01 -4.37558022e-01  2.01343245e+00 -1.16839197e-02
  2.14900050e+00 -2.50505454e-01 -3.14255349e+01 -1.26502074e+00
 -3.60924839e-01 -2.51886371e+00  4.94405101e-01 -1.68107086e+00
  6.40926792e-01 -1.30199701e+01]
[step 47] state=[ 0.810568   -0.43755263  2.0134516  -0.01137174  2.1490571  -0.25128064
 -0.8013894  -1.5147094  -0.36091048 -2.5188246   0.49524143 -1.6806957
  0.6407257  -0.8025705 ]
[step 47] inference took 0.0 ms, action=[ 8.11098144e-01 -4.37128233e-01  2.01377954e+00 -1.23442568e-02
  2.14960178e+00 -2.50269389e-01 -3.02707791e+01 -1.25927108e+00
 -3.62587330e-01 -2.52014316e+00  4.92894573e-01 -1.68004164e+00
  6.40968588e-01 -1.30586007e+01]
[step 48] state=[ 0.8110991  -0.4371227   2.0137997  -0.01202849  2.1496592  -0.25103432
 -0.80138516 -1.5146624  -0.3625768  -2.520117    0.4933985  -1.6796702
  0.6400964  -0.80252105]
[step 48] inference took 0.0 ms, action=[ 8.11137832e-01 -4.36608457e-01  2.01278585e+00 -1.34523522e-02
  2.15007545e+00 -2.50095798e-01 -2.90945009e+01 -1.25572865e+00
 -3.61349952e-01 -2.51974693e+00  4.93579337e-01 -1.67965904e+00
  6.41157945e-01 -1.31065682e+01]
[step 49] state=[ 0.8111387  -0.4366028   2.0128076  -0.01311071  2.150129   -0.25081944
 -0.80139315 -1.5145707  -0.36135387 -2.5197577   0.49335307 -1.6796882
  0.6402677  -0.8026475 ]
[step 49] inference took 0.1 ms, action=[ 8.11091417e-01 -4.36144164e-01  2.01358609e+00 -1.37217382e-02
  2.15062535e+00 -2.50059791e-01 -2.78009808e+01 -1.25367161e+00
 -3.62373810e-01 -2.52141491e+00  4.91935254e-01 -1.68028120e+00
  6.42072034e-01 -1.31037091e+01]
[step 50] state=[ 0.8110922  -0.43613866  2.0136073  -0.01339301  2.150685   -0.2508095
 -0.8013875  -1.5149975  -0.36237258 -2.5214128   0.4919463  -1.6801413
  0.64065206 -0.80254614]
[step 50] inference took 118.6 ms, action=[ 7.83459466e-01 -4.85238368e-01  2.02383697e+00  1.89983763e-02
  2.16458823e+00 -2.51622301e-01 -2.72843261e+01 -1.40521168e+00
 -4.09575944e-01 -2.52228902e+00  4.98154910e-01 -1.72039718e+00
  6.21997422e-01 -1.74785898e+01]
[step 51] state=[ 0.78346026 -0.48523352  2.0238547   0.01928381  2.164622   -0.2525143
 -0.8014422  -1.5303448  -0.37214637 -2.522268    0.49834353 -1.7197158
  0.6220983  -0.8021122 ]
[step 51] inference took 0.0 ms, action=[ 7.82416571e-01 -4.88940304e-01  2.02307662e+00  1.79176587e-02
  2.16303317e+00 -2.53004788e-01 -3.23382807e+01 -1.40778004e+00
 -4.11445667e-01 -2.52114794e+00  4.97824088e-01 -1.71913743e+00
  6.20594033e-01 -1.76078417e+01]
[step 52] state=[ 0.78241765 -0.48893553  2.0230937   0.01818928  2.163086   -0.2537715
 -0.80138314 -1.5297961  -0.3741369  -2.5211627   0.49773148 -1.7184012
  0.6213593  -0.80163634]
[step 52] inference took 0.1 ms, action=[ 7.82450280e-01 -4.90197227e-01  2.02434625e+00  1.85638740e-02
  2.16388800e+00 -2.52343327e-01 -3.60692357e+01 -1.41538255e+00
 -4.12799283e-01 -2.52097613e+00  4.98773049e-01 -1.71964772e+00
  6.22636608e-01 -1.78219037e+01]
[step 53] state=[ 0.78245115 -0.49019265  2.0243635   0.0188426   2.1639376  -0.25311565
 -0.8014063  -1.529962   -0.37463176 -2.520979    0.49872813 -1.718987
  0.6226466  -0.80182225]
[step 53] inference took 0.0 ms, action=[ 7.82627188e-01 -4.93759978e-01  2.02389713e+00  1.81492719e-02
  2.16221326e+00 -2.53255022e-01 -3.74598137e+01 -1.41722061e+00
 -4.13678002e-01 -2.52063805e+00  4.98913636e-01 -1.71993751e+00
  6.21426841e-01 -1.80336606e+01]
[step 54] state=[ 0.78262824 -0.49375528  2.0239146   0.01842159  2.162265   -0.2540175
 -0.8013817  -1.5300032  -0.37481418 -2.520654    0.49880585 -1.719198
  0.62234926 -0.80177885]
[step 54] inference took 0.0 ms, action=[ 7.82838131e-01 -4.96218555e-01  2.02349018e+00  1.80029017e-02
  2.16185695e+00 -2.53569916e-01 -3.81445515e+01 -1.42070925e+00
 -4.13778573e-01 -2.52192078e+00  4.99894454e-01 -1.71903640e+00
  6.20526737e-01 -1.81808899e+01]
[step 55] state=[ 0.78283894 -0.49621406  2.0235078   0.01829001  2.1619067  -0.2543199
 -0.8013999  -1.5297996  -0.37411186 -2.5217576   0.4996117  -1.7182517
  0.6192727  -0.80165154]
[step 55] inference took 0.0 ms, action=[ 7.82957615e-01 -4.98183212e-01  2.02357988e+00  1.77231930e-02
  2.16139530e+00 -2.54803261e-01 -3.83457415e+01 -1.42199251e+00
 -4.13799025e-01 -2.52119197e+00  5.00338341e-01 -1.72066176e+00
  6.20963708e-01 -1.85282762e+01]
[step 56] state=[ 0.7829589  -0.4981783   2.0235972   0.01799311  2.1614332  -0.2555684
 -0.8014303  -1.5303867  -0.3745893  -2.5212166   0.49999785 -1.7200905
  0.6214851  -0.80115646]
[step 56] inference took 0.0 ms, action=[ 7.82237201e-01 -4.99108107e-01  2.02345017e+00  1.78245774e-02
  2.16041097e+00 -2.55499821e-01 -3.81294109e+01 -1.42262086e+00
 -4.13206055e-01 -2.52135792e+00  4.98760363e-01 -1.72094233e+00
  6.22805938e-01 -1.87158305e+01]
[step 57] state=[ 0.7822385  -0.49910307  2.0234678   0.01809986  2.1604378  -0.25626394
 -0.8014562  -1.5304207  -0.37379208 -2.5213673   0.49831977 -1.720235
  0.62187976 -0.8011608 ]
[step 57] inference took 0.0 ms, action=[ 7.81718104e-01 -5.00458596e-01  2.02409935e+00  1.77902029e-02
  2.16077103e+00 -2.54625272e-01 -3.79651385e+01 -1.42293111e+00
 -4.13931248e-01 -2.52103862e+00  4.99434390e-01 -1.72045757e+00
  6.20595977e-01 -1.88213030e+01]
[step 58] state=[ 0.7817192  -0.5004538   2.0241168   0.01806017  2.1608224  -0.25538337
 -0.8014046  -1.5302498  -0.37470335 -2.5210562   0.49932578 -1.719731
  0.6214432  -0.8015699 ]
[step 58] inference took 0.0 ms, action=[ 7.82311999e-01 -5.01149614e-01  2.02396848e+00  1.78004535e-02
  2.16020970e+00 -2.55442263e-01 -3.78284182e+01 -1.42329459e+00
 -4.14546791e-01 -2.52075239e+00  4.98207372e-01 -1.71867303e+00
  6.21578493e-01 -1.90650182e+01]
[step 59] state=[ 0.7823134  -0.5011446   2.0239863   0.01806825  2.1602461  -0.2561998
 -0.80144334 -1.5296557  -0.37461764 -2.5207758   0.49785712 -1.7180254
  0.62215585 -0.80144334]
[step 59] inference took 0.0 ms, action=[ 7.82539231e-01 -5.02073231e-01  2.02458806e+00  1.75420315e-02
  2.16017733e+00 -2.55466791e-01 -3.76746275e+01 -1.42472196e+00
 -4.14893212e-01 -2.51968299e+00  4.97414103e-01 -1.71935358e+00
  6.21302168e-01 -1.91988345e+01]
[step 60] state=[ 0.7825404  -0.50206846  2.0246053   0.01780963  2.1602306  -0.2562227
 -0.8013962  -1.5298002  -0.3753502  -2.5197      0.49726826 -1.7185782
  0.6218203  -0.80201316]
[step 60] inference took 0.0 ms, action=[ 7.81954062e-01 -5.03155751e-01  2.02426105e+00  1.78559645e-02
  2.16003075e+00 -2.55375944e-01 -3.77875173e+01 -1.42411578e+00
 -4.15100760e-01 -2.51962316e+00  4.97315590e-01 -1.71877640e+00
  6.21712486e-01 -1.92690372e+01]
[step 61] state=[ 0.78195506 -0.5031513   2.0242777   0.01812781  2.1600857  -0.25612485
 -0.8013942  -1.5295882  -0.3755487  -2.5196333   0.49729413 -1.7180003
  0.6222612  -0.8022037 ]
[step 61] inference took 0.0 ms, action=[ 7.82042425e-01 -5.04003198e-01  2.02428995e+00  1.76585314e-02
  2.15971315e+00 -2.55759637e-01 -3.77394922e+01 -1.42479346e+00
 -4.15317106e-01 -2.51885459e+00  4.96485052e-01 -1.71834611e+00
  6.21442120e-01 -1.93367592e+01]
[step 62] state=[ 0.78204376 -0.5039981   2.0243073   0.01793067  2.1597426  -0.2565218
 -0.80145335 -1.5293885  -0.3756785  -2.51888     0.4960771  -1.7178904
  0.62141615 -0.80114174]
[step 62] inference took 0.1 ms, action=[ 7.81275887e-01 -5.04818683e-01  2.02447219e+00  1.73723789e-02
  2.15956565e+00 -2.56397731e-01 -3.76384118e+01 -1.42519028e+00
 -4.15093147e-01 -2.51896405e+00  4.98368598e-01 -1.71815938e+00
  6.20956708e-01 -1.95495002e+01]
[step 63] state=[ 0.78127736 -0.5048138   2.0244904   0.01764247  2.1595929  -0.25715137
 -0.8014462  -1.5293362  -0.37633857 -2.5189881   0.497927   -1.7176595
  0.62101173 -0.8015169 ]
[step 63] inference took 0.0 ms, action=[ 7.81494590e-01 -5.06203598e-01  2.02480875e+00  1.65481598e-02
  2.15906403e+00 -2.56062793e-01 -3.77417384e+01 -1.42580291e+00
 -4.15799688e-01 -2.51862758e+00  4.97401789e-01 -1.71723696e+00
  6.20752508e-01 -1.97320181e+01]
[step 64] state=[ 0.7814956  -0.50619894  2.0248265   0.01681814  2.1591115  -0.25680926
 -0.801408   -1.5289068  -0.37650207 -2.5186412   0.49724883 -1.7165308
  0.62101763 -0.8018008 ]
[step 64] inference took 0.0 ms, action=[ 7.80893557e-01 -5.06579985e-01  2.02480383e+00  1.72702091e-02
  2.15889482e+00 -2.55383111e-01 -3.77543782e+01 -1.42775397e+00
 -4.15121372e-01 -2.51931628e+00  4.96993139e-01 -1.71798316e+00
  6.19732447e-01 -1.99766060e+01]
[step 65] state=[ 0.78073955 -0.50658333  2.0247605   0.01646607  2.1582828  -0.25537893
 -0.80435973 -1.4885544  -0.34277618 -2.5163221   0.52390665 -1.6504904
  0.62261814 -0.63697577]
[step 65] inference took 0.0 ms, action=[ 7.80458740e-01 -5.07291564e-01  2.02447422e+00  1.65069649e-02
  2.15884317e+00 -2.55753306e-01 -3.78244350e+01 -1.42766033e+00
 -4.14591045e-01 -2.51940088e+00  4.96025768e-01 -1.71706788e+00
  6.20244145e-01 -2.02178083e+01]
[step 66] state=[ 0.83234835 -0.5072854   2.0245008   0.01685181  2.158581   -0.25569144
 -0.80320555 -1.669586   -0.26232916 -2.409991    1.1413952  -3.420788
  1.0878309   3.1395578 ]
[step 66] inference took 0.1 ms, action=[ 7.80236739e-01 -5.08400318e-01  2.02522698e+00  1.61094900e-02
  2.15833859e+00 -2.55581807e-01 -3.78498050e+01 -1.42743005e+00
 -4.15929368e-01 -2.51974973e+00  4.96131318e-01 -1.71745246e+00
  6.19558607e-01 -2.05634965e+01]
[step 67] state=[ 1.0875931  -0.5083915   2.0252514   0.01659569  2.1583455  -0.25831303
 -0.8012688  -1.8696344  -0.7327162  -1.7119141   0.80058056 -3.1678123
  1.233396    1.247954  ]
[step 67] inference took 0.1 ms, action=[ 7.80258087e-01 -5.09071014e-01  2.02480358e+00  1.68280288e-02
  2.15851890e+00 -2.55261433e-01 -3.78432019e+01 -1.42942887e+00
 -4.16887630e-01 -2.51956705e+00  4.96118342e-01 -1.71702046e+00
  6.20596414e-01 -2.08260119e+01]
[step 68] state=[ 0.96058184 -0.50906533  2.0248244   0.01715507  2.1585474  -0.25608188
 -0.8013059  -1.8142023  -1.4322184  -0.4176862  -0.24420115 -2.4802423
  0.85630757  0.5968278 ]
[step 68] inference took 0.0 ms, action=[ 7.79901473e-01 -5.10124899e-01  2.02534960e+00  1.54135842e-02
  2.15807132e+00 -2.55452962e-01 -3.78309143e+01 -1.42913805e+00
 -4.16936193e-01 -2.52008802e+00  4.94921564e-01 -1.71737010e+00
  6.20098224e-01 -2.09114144e+01]
[step 69] state=[ 0.8968583  -0.5604566   1.9799641   0.02541972  2.1304252  -0.25383016
 -0.7886036  -1.7350291  -1.0833623   0.02770627 -0.61444056 -1.1270196
  0.88604313  0.20359118]
[step 69] inference took 0.0 ms, action=[ 7.80279762e-01 -5.10128438e-01  2.02500932e+00  1.58959335e-02
  2.15830491e+00 -2.55212679e-01 -3.78359207e+01 -1.42984069e+00
 -4.16576590e-01 -2.51930020e+00  4.93914132e-01 -1.71711033e+00
  6.20642616e-01 -2.12300541e+01]
[step 70] state=[ 0.902711   -0.81854856  1.9025466  -0.02206207  2.3550036  -0.2570005
 -0.7232046  -1.6012089  -1.1604055   0.32014596 -3.315362    3.9271352
 -0.8543738  -5.2448487 ]
[step 70] inference took 0.1 ms, action=[ 7.79984496e-01 -5.10893302e-01  2.02453363e+00  1.70811933e-02
  2.15798197e+00 -2.55202758e-01 -3.77925428e+01 -1.42986642e+00
 -4.16302112e-01 -2.51852670e+00  4.94989518e-01 -1.71736598e+00
  6.19550903e-01 -2.12843423e+01]
[step 71] state=[ 0.8025363  -0.9216135   2.0072026   0.01691169  2.2989879  -0.25953603
 -0.6312074  -2.0094104   0.02105141  1.0305337  -5.751117   -5.781971
 -1.0753399   0.7714841 ]
[step 71] inference took 0.0 ms, action=[ 7.79481842e-01 -5.11458599e-01  2.02500152e+00  1.73457385e-02
  2.15860002e+00 -2.55598668e-01 -3.79168969e+01 -1.43077087e+00
 -4.15804674e-01 -2.51893320e+00  4.95052194e-01 -1.71710257e+00
  6.21772442e-01 -2.13413209e+01]
[step 72] state=[ 0.7794824  -0.4910453   2.0249085   0.01589464  2.1582756  -0.25642022
 -0.6003279  -3.5547981   1.6755927  -0.0790033  -3.260291   -9.999316
 -1.6315699  -2.2883475 ]
[step 72] inference took 0.0 ms, action=[ 7.79525276e-01 -5.11815796e-01  2.02480152e+00  1.68524813e-02
  2.15803850e+00 -2.55357990e-01 -3.78863182e+01 -1.43112756e+00
 -4.16413642e-01 -2.51869742e+00  4.94853592e-01 -1.71765676e+00
  6.20838654e-01 -2.12550238e+01]
[step 73] state=[  0.7769597   -0.51551586   2.0703564    0.02050271   2.2009966
  -0.23298138  -0.4732025   -4.5612335    2.6573884   -0.73879874
 -11.007989   -17.651735    -3.855669    -4.8647876 ]
[step 73] inference took 0.1 ms, action=[ 7.79873972e-01 -5.12315308e-01  2.02491365e+00  1.72063970e-02
  2.15823691e+00 -2.55275904e-01 -3.79853332e+01 -1.43122016e+00
 -4.16775828e-01 -2.51825139e+00  4.93678655e-01 -1.71708878e+00
  6.20297910e-01 -2.13673165e+01]
[step 74] state=[ 7.8029901e-01 -5.1259214e-01  2.0708435e+00  1.5839057e-02
  2.7489965e+00 -2.5431699e-01 -2.1471170e-01 -4.5706310e+00
  3.1169319e+00 -1.1856766e+00 -9.5249443e+00 -2.9536125e+01
 -2.5583961e+00 -1.9302809e+00]
[step 74] inference took 0.0 ms, action=[ 7.79003609e-01 -5.13119110e-01  2.02486069e+00  1.69247488e-02
  2.15759856e+00 -2.55377797e-01 -3.80511735e+01 -1.43124302e+00
 -4.16717204e-01 -2.51815000e+00  4.93034544e-01 -1.71731478e+00
  6.20230109e-01 -2.12518297e+01]
[step 75] state=[ 7.7900791e-01 -5.1313603e-01  2.0217440e+00  3.6836915e-02
  4.7483559e+00 -2.5255510e-01  3.5075849e-05 -5.0948400e+00
  3.2373641e+00 -3.5496667e-01 -1.0843700e+01 -3.4829803e+01
 -4.1239305e+00 -3.8278089e+00]
[step 75] inference took 0.0 ms, action=[ 7.78946451e-01 -5.13221053e-01  2.02422016e+00  1.67660762e-02
  2.15733271e+00 -2.56280401e-01 -3.80698738e+01 -1.43045953e+00
 -4.16743576e-01 -2.51807050e+00  4.91944751e-01 -1.71602370e+00
  6.21155640e-01 -2.12239566e+01]
[step 76] state=[ 7.7895057e-01 -5.1332992e-01  2.0258193e+00  8.2444521e-03
  7.4580841e+00 -2.5579846e-01  2.2801321e-05 -5.3365436e+00
  3.3004844e+00 -2.0965947e-01 -7.6980743e+00 -3.4978607e+01
 -4.8848848e+00 -4.1412702e+00]
[step 76] inference took 0.0 ms, action=[ 7.78865917e-01 -5.13469374e-01  2.02420997e+00  1.61951658e-02
  2.15742472e+00 -2.55860694e-01 -3.81873941e+01 -1.43149401e+00
 -4.17344353e-01 -2.51747152e+00  4.91133595e-01 -1.71649516e+00
  6.21649332e-01 -2.09769493e+01]
[step 77] state=[ 7.7993149e-01 -5.1767308e-01  2.0044706e+00 -6.7369580e-02
  1.0101953e+01 -2.5471616e-01  6.0092198e-04 -4.6794300e+00
  1.4121002e+00  2.1627121e+00 -9.9014683e+00 -3.5001827e+01
 -5.2577457e+00 -2.4581614e+00]
[step 77] inference took 0.1 ms, action=[ 7.78914200e-01 -5.14154403e-01  2.02476752e+00  1.60881552e-02
  2.15680847e+00 -2.55025461e-01 -3.83317859e+01 -1.43142750e+00
 -4.16380730e-01 -2.51745023e+00  4.90723445e-01 -1.71602625e+00
  6.21089379e-01 -2.07932855e+01]
[step 78] state=[ 8.5120553e-01 -6.7817539e-01  2.0245082e+00  2.8109601e-01
  1.2615291e+01 -2.5421539e-01  2.1655636e-05 -4.0665169e+00
 -2.8759924e-01  3.5044987e+00 -1.2688718e+01 -3.0818853e+01
 -6.6406722e+00 -7.9592729e-01]
[step 78] inference took 0.0 ms, action=[ 7.78324789e-01 -5.13656146e-01  2.02479172e+00  1.63576854e-02
  2.15696223e+00 -2.54948054e-01 -3.82876322e+01 -1.43258837e+00
 -4.16130938e-01 -2.51711871e+00  4.90427029e-01 -1.71646926e+00
  6.21736155e-01 -2.06603365e+01]
[step 79] state=[ 8.08112204e-01 -5.38655221e-01  2.02718449e+00 -1.03491694e-01
  1.49378805e+01 -2.53810763e-01  1.17691350e-04 -3.43627667e+00
 -1.13184726e+00  6.55938911e+00 -1.28347063e+01 -1.72064133e+01
 -6.52630234e+00 -4.05607891e+00]
[step 79] inference took 0.0 ms, action=[ 7.78767595e-01 -5.13859919e-01  2.02518228e+00  1.56925877e-02
  2.15643086e+00 -2.54895160e-01 -3.83855550e+01 -1.43369815e+00
 -4.16859432e-01 -2.51735305e+00  4.89766339e-01 -1.71606606e+00
  6.22713806e-01 -2.05316641e+01]
[step 80] state=[ 7.7885467e-01 -5.1395762e-01  1.9887011e+00  5.6097869e-02
  1.7168848e+01 -2.5367448e-01  2.4580219e-04 -2.9485142e+00
 -1.6006091e+00  6.7875495e+00 -9.1692953e+00 -1.2714860e+01
 -8.5085964e+00 -1.1556278e+01]
[step 80] inference took 0.1 ms, action=[ 7.77710808e-01 -5.14309903e-01  2.02408507e+00  1.63773211e-02
  2.15646280e+00 -2.54881115e-01 -3.84432432e+01 -1.43267395e+00
 -4.16609620e-01 -2.51687101e+00  4.88365582e-01 -1.71553091e+00
  6.22971126e-01 -2.03682232e+01]
[step 81] state=[  0.7702989   -0.38542038   2.135612     0.11066446  19.456816
  -0.27196014  -0.5602317   -3.5863113   -2.406226     5.7269616
  -6.978034   -20.43705    -10.228176    -8.573809  ]
[step 81] inference took 0.0 ms, action=[ 7.77946112e-01 -5.13779616e-01  2.02442922e+00  1.59598979e-02
  2.15584164e+00 -2.55518026e-01 -3.84989612e+01 -1.43284446e+00
 -4.15980431e-01 -2.51653948e+00  4.88152488e-01 -1.71481261e+00
  6.22474399e-01 -2.03128346e+01]
[step 82] state=[ 7.9559022e-01 -4.9703732e-01  2.2247832e+00  1.8914193e-02
  2.2679583e+01 -2.5276020e-01 -2.9023638e-01 -2.9623835e+00
 -8.9032149e-01  6.2611213e+00 -3.5958455e+00 -3.3413376e+01
 -1.1656051e+01 -1.9348831e+01]
[step 82] inference took 0.0 ms, action=[ 7.77280615e-01 -5.13918032e-01  2.02446621e+00  1.62001028e-02
  2.15556426e+00 -2.55986668e-01 -3.87028234e+01 -1.43227753e+00
 -4.16121741e-01 -2.51635904e+00  4.87081989e-01 -1.71520628e+00
  6.23059788e-01 -2.02599956e+01]
[step 83] state=[  0.77729535  -0.51396286   2.023965     0.17121632  24.896694
  -0.2560108   -0.04886303  -3.552286    -1.2335364    6.932082
 -12.448591   -16.823616   -11.55189    -18.797586  ]
[step 83] inference took 0.0 ms, action=[ 7.78076573e-01 -5.14259545e-01  2.02419910e+00  1.63201130e-02
  2.15531055e+00 -2.56047897e-01 -3.88387918e+01 -1.43348968e+00
 -4.17177521e-01 -2.51523462e+00  4.85104910e-01 -1.71460112e+00
  6.24364249e-01 -2.03581528e+01]
[step 84] state=[ 7.7803910e-01 -5.1434016e-01  2.0261784e+00 -7.9092067e-03
  2.6496542e+01 -2.5598425e-01  3.8633445e-01 -3.6694732e+00
 -2.0188920e+00  1.0787116e+01 -1.5401594e+01 -3.8047009e+00
 -1.2752801e+01 -3.4424873e+01]
[step 84] inference took 0.0 ms, action=[ 7.79042306e-01 -5.14155337e-01  2.02458676e+00  1.67376885e-02
  2.15519771e+00 -2.56640985e-01 -3.89374808e+01 -1.43515061e+00
 -4.16628678e-01 -2.51575930e+00  4.83534113e-01 -1.71508021e+00
  6.23342726e-01 -2.04825140e+01]
[step 85] state=[ 7.7906919e-01 -5.1428241e-01  2.0270128e+00 -1.3966215e-01
  2.7931007e+01 -2.5628233e-01  8.0790785e-05 -3.4218063e+00
 -6.2292010e-01  4.8417783e+00 -1.2289354e+01  2.4163359e+01
 -1.1234568e+01 -4.8432964e+01]
[step 85] inference took 0.1 ms, action=[ 7.78616991e-01 -5.14260415e-01  2.02414365e+00  1.70196414e-02
  2.15498847e+00 -2.56811662e-01 -3.90309992e+01 -1.43376413e+00
 -4.16748877e-01 -2.51598436e+00  4.82330199e-01 -1.71494520e+00
  6.24182892e-01 -2.06560682e+01]
[step 86] state=[ 6.90217674e-01 -5.14338136e-01  2.00248551e+00  8.78312290e-02
  2.97054443e+01 -2.55205482e-01  2.91734963e-04 -2.88240343e-01
 -2.15831828e+00  7.75096416e+00 -2.00616989e+01  1.23944025e+01
 -8.72853374e+00 -5.93017387e+01]
[step 86] inference took 0.1 ms, action=[ 7.78706643e-01 -5.14572246e-01  2.02419863e+00  1.68994708e-02
  2.15434025e+00 -2.56680064e-01 -3.92121017e+01 -1.43439464e+00
 -4.17043378e-01 -2.51533236e+00  4.80119252e-01 -1.71458263e+00
  6.23463874e-01 -2.08646693e+01]
[step 87] state=[ 6.5836322e-01 -5.1244622e-01  2.0228131e+00  3.4888270e-01
  3.1152733e+01 -2.5561073e-01  9.7552120e-06  1.1915456e+00
 -6.4622812e+00  1.2314514e+01 -3.0857927e+01  1.9450346e+01
 -5.3333507e+00  9.6433838e+01]
[step 87] inference took 0.1 ms, action=[ 7.79493389e-01 -5.14714464e-01  2.02429917e+00  1.74309975e-02
  2.15387717e+00 -2.57133276e-01 -3.94118640e+01 -1.43481924e+00
 -4.17909499e-01 -2.51533533e+00  4.78164747e-01 -1.71493620e+00
  6.23441108e-01 -2.11278613e+01]
[step 88] state=[ 7.4356413e-01 -5.1482314e-01  2.0259812e+00 -6.8602408e-04
  3.2587223e+01 -2.5954938e-01  9.4888201e-05  1.1156511e+00
 -6.9010034e+00  1.1913057e+01 -2.8987467e+01  2.2821846e+01
 -5.4999342e+00  9.5222427e+01]
[step 88] inference took 0.0 ms, action=[ 7.79679178e-01 -5.14194814e-01  2.02391372e+00  1.70498563e-02
  2.15312319e+00 -2.57813903e-01 -3.95176820e+01 -1.43445626e+00
 -4.18000802e-01 -2.51505421e+00  4.75894510e-01 -1.71452681e+00
  6.24180094e-01 -2.16228245e+01]
[step 89] state=[ 7.7965099e-01 -5.1425618e-01  2.0257146e+00 -1.1356423e-01
  3.3886257e+01 -2.5813717e-01 -2.6197397e-04  1.1055150e+00
 -7.1989694e+00  1.3333251e+01 -2.9289408e+01  3.1866306e+01
 -4.3475270e+00  9.7936111e+01]
[step 89] inference took 0.0 ms, action=[ 7.79550922e-01 -5.13661863e-01  2.02423265e+00  1.78578379e-02
  2.15280510e+00 -2.58542547e-01 -3.96083760e+01 -1.43517088e+00
 -4.17783565e-01 -2.51528116e+00  4.75378607e-01 -1.71483486e+00
  6.23731050e-01 -2.21498720e+01]
[step 90] state=[ 7.8034467e-01 -5.6400800e-01  2.0686409e+00 -2.4873061e-02
  3.4992634e+01 -2.5848258e-01  4.0330808e-04  9.9842435e-01
 -5.7756796e+00  1.2977864e+01 -2.9154909e+01  4.7976414e+01
 -6.4836383e+00  8.3365250e+01]
[step 90] inference took 0.0 ms, action=[ 7.79471331e-01 -5.13902075e-01  2.02381296e+00  1.69782541e-02
  2.15086197e+00 -2.58753947e-01 -3.98261272e+01 -1.43379263e+00
 -4.18526258e-01 -2.51499647e+00  4.73827578e-01 -1.71475722e+00
  6.23416717e-01 -2.26671303e+01]
[step 91] state=[ 7.69300520e-01 -4.67584819e-01  1.98173690e+00  1.73483580e-01
  3.61555748e+01 -2.56204426e-01 -1.32973045e-02  1.57773626e+00
 -6.77998209e+00  8.23608875e+00 -1.78569508e+01  7.73078384e+01
 -6.15171766e+00  6.60578461e+01]
[step 91] inference took 0.0 ms, action=[ 7.81235256e-01 -5.13341708e-01  2.02399800e+00  1.74319913e-02
  2.15046967e+00 -2.59780838e-01 -4.01985210e+01 -1.43589425e+00
 -4.18330840e-01 -2.51467574e+00  4.71422435e-01 -1.71457629e+00
  6.24148898e-01 -2.32258058e+01]
[step 92] state=[ 1.10695124e+00  7.46614486e-02  1.85977316e+00  4.63487744e-01
  3.65050507e+01 -2.59409100e-01  8.40017572e-02  3.22521739e-02
 -3.83796883e+00  1.11206665e+01 -3.25908089e+01  9.76864471e+01
 -3.71772361e+00  2.53090897e+01]
[step 92] inference took 0.1 ms, action=[ 7.79742951e-01 -5.13875472e-01  2.02343841e+00  1.75108147e-02
  2.14962862e+00 -2.59550173e-01 -4.05857389e+01 -1.43664376e+00
 -4.19617350e-01 -2.51482072e+00  4.72055367e-01 -1.71436894e+00
  6.23533114e-01 -2.37231479e+01]
[step 93] state=[ 1.1519157e+00 -3.7648324e-03  1.8172448e+00  4.3143922e-01
  3.6330284e+01 -2.5935835e-01  5.0595269e-02  1.5784990e+00
 -4.9688139e+00  1.2289143e+01 -2.6822298e+01  6.3247715e+01
 -2.2501123e+00  3.0815134e+01]
[step 93] inference took 0.0 ms, action=[ 7.80597787e-01 -5.13691316e-01  2.02363560e+00  1.72275375e-02
  2.14806276e+00 -2.60103966e-01 -4.08571094e+01 -1.43558675e+00
 -4.21292338e-01 -2.51541835e+00  4.71609104e-01 -1.71443959e+00
  6.23140565e-01 -2.40726926e+01]
[step 94] state=[ 1.2105875e+00  3.6341981e-03  1.8512005e+00  9.2358452e-01
  3.7303951e+01 -2.5394326e-01  3.3521184e-01  1.2290144e+00
 -1.5512688e+00 -1.4661345e+00 -1.5817705e+01  6.0032288e+01
  5.1137223e+00  1.9190091e+00]
[step 94] inference took 0.0 ms, action=[ 7.80388884e-01 -5.13695993e-01  2.02297104e+00  1.86848781e-02
  2.14604687e+00 -2.60783907e-01 -4.10925807e+01 -1.43622819e+00
 -4.20552392e-01 -2.51529316e+00  4.70533972e-01 -1.71409671e+00
  6.23218617e-01 -2.41475917e+01]
[step 95] state=[ 1.0912905e+00 -2.9405382e-01  1.8942339e+00  7.7252018e-01
  3.7519390e+01 -2.6009318e-01  9.9152076e-01 -1.9098737e+11
  1.0506788e+12  9.4458616e+11 -2.6564373e+12  4.8537335e+12
 -2.5351090e+10 -2.6338671e+13]
[step 95] inference took 0.1 ms, action=[ 7.80053121e-01 -5.13108765e-01  2.02243730e+00  1.82353084e-02
  2.14583190e+00 -2.63663246e-01 -4.14859639e+01 -1.43649432e+00
 -4.22078187e-01 -2.51555304e+00  4.69180704e-01 -1.71297979e+00
  6.23980785e-01 -2.44441302e+01]
[step 96] state=[ 9.6806335e-01 -4.5180452e-01  2.0653439e+00  2.3384576e-01
  3.3475258e+01 -3.0187351e-01  1.0080940e+00 -1.9959271e+11
  1.7645623e+12  4.5536253e+12 -1.8587341e+13 -2.6863120e+12
  1.3311226e+13 -4.0452854e+13]
[step 96] inference took 0.0 ms, action=[ 7.79854764e-01 -5.13460244e-01  2.02251256e+00  1.78119945e-02
  2.14358766e+00 -2.63957349e-01 -4.17397381e+01 -1.43741531e+00
 -4.22142364e-01 -2.51463128e+00  4.70383482e-01 -1.71362983e+00
  6.23605815e-01 -2.45295715e+01]
[step 97] state=[ 8.8461560e-01 -5.0326920e-01  1.9876186e+00  2.0139641e-01
  3.2959686e+01 -2.5959030e-01  3.2456322e+00 -2.0131393e+11
  2.6220775e+12  8.5879119e+12 -3.6461244e+13 -1.1459862e+13
  2.9026786e+13 -5.7490398e+13]
[step 97] inference took 0.0 ms, action=[ 7.79423170e-01 -5.13926637e-01  2.02154209e+00  1.89743967e-02
  2.14291181e+00 -2.64363375e-01 -4.18884296e+01 -1.43626697e+00
 -4.23771395e-01 -2.51564333e+00  4.69120030e-01 -1.71428334e+00
  6.24670495e-01 -2.46700426e+01]
[step 98] state=[ 7.8267962e-01 -5.1386666e-01  1.8124230e+00  5.9540767e-02
  3.2040051e+01 -2.6594234e-01  3.2815311e+00 -1.9540273e+11
  3.6724838e+12  1.3207685e+13 -5.6682189e+13 -2.1697596e+13
  4.7560127e+13 -7.7958102e+13]
[step 98] inference took 0.1 ms, action=[ 7.79488354e-01 -5.14159673e-01  2.02083453e+00  2.02379589e-02
  2.14149437e+00 -2.64668723e-01 -4.19992897e+01 -1.43674855e+00
 -4.23549119e-01 -2.51592884e+00  4.67711891e-01 -1.71429564e+00
  6.24359317e-01 -2.46961982e+01]
[step 99] state=[ 7.7907163e-01 -5.1438332e-01  1.9516588e+00  1.7449521e-02
  3.2347557e+01 -2.6128089e-01  1.7729304e+00 -1.8711868e+11
  4.7999017e+12  1.8463597e+13 -7.9185557e+13 -3.3629292e+13
  6.9420467e+13 -1.0269513e+14]
[step 99] inference took 0.0 ms, action=[ 7.79010373e-01 -5.14193638e-01  2.02156681e+00  1.93326804e-02
  2.14131892e+00 -2.65308287e-01 -4.21409926e+01 -1.44022415e+00
 -4.25245095e-01 -2.51730955e+00  4.67678812e-01 -1.71419137e+00
  6.24445771e-01 -2.50245715e+01]